0 0.17421875 0.484375 0.209375 0.30625
0 0.40625 0.4984375 0.25 0.2625
0 0.81484375 0.5046875 0.3265625 0.25
0 0.66796875 0.71171875 0.2453125 0.2546875
0 0.6375 0.07421875 0.184375 0.1484375
0 0.40390625 0.77734375 0.25 0.24375
1 0.87265625 0.828125 0.1921875 0.2578125
0 0.18359375 0.834375 0.2859375 0.2359375
0 0.4265625 0.1625 0.19375 0.325
0 0.1921875 0.1875 0.2453125 0.3328125
1 0.6765625 0.21875 0.21875 0.2359375
0 0.8703125 0.2359375 0.1875 0.2265625
0 0.57421875 0.3921875 0.1390625 0.1875