0 0.1765625 0.54140625 0.259375 0.3375
0 0.40703125 0.51484375 0.2921875 0.3015625
0 0.8109375 0.45 0.365625 0.303125
0 0.70234375 0.6796875 0.2859375 0.29375
0 0.56171875 0.07265625 0.2078125 0.1453125
0 0.45390625 0.78984375 0.2890625 0.2828125
1 0.903125 0.75859375 0.19375 0.2859375
0 0.2453125 0.871875 0.321875 0.25625
0 0.36875 0.18046875 0.2484375 0.353125
0 0.14609375 0.24453125 0.2921875 0.3703125
1 0.625 0.1921875 0.25625 0.2703125
0 0.81875 0.17578125 0.2234375 0.2546875
0 0.5546875 0.38125 0.16875 0.209375