0 0.178125 0.55234375 0.26875 0.3421875
0 0.4078125 0.51796875 0.2984375 0.3078125
0 0.80859375 0.4390625 0.371875 0.3125
0 0.70859375 0.671875 0.2921875 0.3
0 0.54609375 0.07265625 0.2109375 0.1453125
0 0.46328125 0.79140625 0.2953125 0.2890625
1 0.90546875 0.74375 0.1890625 0.290625
0 0.259375 0.8734375 0.328125 0.253125
0 0.3578125 0.18515625 0.2578125 0.3578125
0 0.14375 0.2578125 0.2875 0.375
1 0.6140625 0.18828125 0.2625 0.2765625
0 0.80703125 0.16484375 0.2296875 0.259375
0 0.55 0.37890625 0.175 0.2125