0 0.360952 0.616220 0.140476 0.348661
0 0.472262 0.667991 0.179762 0.185952
0 0.531190 0.799003 0.257143 0.245119
0 0.763929 0.738780 0.105952 0.378244
0 0.604405 0.888810 0.255952 0.217649
0 0.756190 0.402798 0.204762 0.259911
0 0.268095 0.345744 0.069048 0.082411
0 0.317500 0.397515 0.079762 0.139464
0 0.285357 0.592976 0.096429 0.293720
0 0.494881 0.558110 0.072619 0.135238
0 0.454405 0.376384 0.098810 0.084524
0 0.405000 0.278125 0.076190 0.082411
0 0.340119 0.243259 0.065476 0.105655
0 0.685357 0.216845 0.048810 0.078185
0 0.555595 0.262277 0.058333 0.109881
0 0.475833 0.216845 0.041667 0.111994
0 0.659167 0.555997 0.136905 0.270476
0 0.545476 0.348914 0.061905 0.198631