1 0.064524 0.320387 0.121429 0.116220
1 0.738333 0.527470 0.200000 0.395149
1 0.906190 0.491548 0.090476 0.441637
1 0.964405 0.482039 0.071190 0.304286
1 0.750833 0.251711 0.160714 0.147917
1 0.611548 0.436607 0.055952 0.166935
1 0.577619 0.385893 0.069048 0.158482
1 0.447262 0.302426 0.051190 0.105655
1 0.409167 0.533810 0.222619 0.297946
1 0.485357 0.427098 0.175000 0.211310
1 0.256190 0.523244 0.145238 0.319077
1 0.177619 0.299256 0.073810 0.090863
1 0.143690 0.497887 0.172619 0.374018
1 0.041786 0.473586 0.083571 0.202857
1 0.266310 0.329896 0.144048 0.118333
1 0.575833 0.322500 0.115476 0.171161