0 0.312143 0.702857 0.107143 0.407827
0 0.488333 0.800060 0.261905 0.335982
0 0.863333 0.516905 0.221429 0.272589
0 0.638929 0.598259 0.191667 0.291607
0 0.782976 0.783155 0.120238 0.382470
0 0.284167 0.703914 0.186905 0.350774
0 0.157381 0.422872 0.133333 0.202857
0 0.305595 0.400685 0.163095 0.150030
0 0.409167 0.243259 0.141667 0.135238
0 0.492500 0.540149 0.075000 0.120446
0 0.565714 0.186205 0.111905 0.080298
0 0.690119 0.189375 0.063095 0.107768
0 0.200238 0.180923 0.057143 0.158482
0 0.078214 0.217902 0.141667 0.097202
0 0.470476 0.440833 0.071429 0.171161
0 0.298452 0.272842 0.098810 0.118333
0 0.769881 0.218958 0.058333 0.259911
0 0.821667 0.394345 0.102381 0.192292
0 0.678810 0.401741 0.133333 0.194405
0 0.525238 0.386949 0.059524 0.169048
0 0.583571 0.334122 0.064286 0.177500
0 0.477024 0.209449 0.075000 0.169048
0 0.390119 0.060476 0.048810 0.099315
0 0.470476 0.063646 0.057143 0.126786
0 0.667500 0.079494 0.077381 0.103542
0 0.335952 0.967121 0.195238 0.065758
0 0.683571 0.938594 0.095238 0.122812