1 0.981071 0.485208 0.037857 0.382470
1 0.892500 0.503170 0.139286 0.414167
1 0.758571 0.450342 0.111905 0.359226
1 0.623452 0.324613 0.101190 0.209196
1 0.700833 0.460908 0.072619 0.211310
1 0.569286 0.544375 0.195238 0.293720
1 0.520476 0.322500 0.064286 0.090863
1 0.490714 0.266503 0.107143 0.131012
1 0.301429 0.532753 0.202381 0.253571
1 0.110357 0.510565 0.132143 0.281042
1 0.110952 0.314048 0.107143 0.111994
1 0.026905 0.505283 0.053810 0.215536
1 0.285357 0.284464 0.046429 0.078185
1 0.350833 0.343631 0.132143 0.120446
1 0.443690 0.558110 0.058333 0.266250