0 0.638333 0.586637 0.192857 0.289494
0 0.840119 0.527470 0.267857 0.323304
0 0.766905 0.785268 0.123810 0.424732
0 0.362143 0.627842 0.085714 0.376131
0 0.281786 0.733497 0.089286 0.393036
0 0.236548 0.730327 0.117857 0.272589
0 0.071667 0.861339 0.133333 0.238780
0 0.146071 0.458795 0.146429 0.219762
0 0.037738 0.447173 0.072619 0.204970
0 0.174643 0.224241 0.046429 0.219762
0 0.267500 0.276012 0.060714 0.107768
0 0.349643 0.264390 0.060714 0.215536
0 0.460357 0.069985 0.065476 0.126786
0 0.393095 0.077381 0.071429 0.099315
0 0.490119 0.222128 0.060714 0.101429
0 0.493095 0.194658 0.109524 0.092976
0 0.466905 0.599315 0.057143 0.289494
0 0.563929 0.738780 0.158333 0.348661
0 0.411548 0.378497 0.108333 0.147917
0 0.765714 0.259107 0.066667 0.158482
0 0.677619 0.203110 0.064286 0.109881
0 0.640714 0.260164 0.088095 0.156369
0 0.600238 0.140774 0.104762 0.107768
0 0.567500 0.326726 0.065476 0.124673
0 0.514524 0.405967 0.066667 0.219762
0 0.059762 0.245372 0.109524 0.109881